1. generate time
algorithm: lfr, gmark, generator
node size: 100, 1000, 10000, 100000
times: 5

algorithm: generator
node size: 10000
step = 10000, 10, 100, 1000
times = 5

2. data quality
algorithm: lfr, gmark, generator
generate once
node size: 100, 1000, 10000
times: 5

algorithm: generator
generate serveral times
node size: 10000
step = 10, 100, 1000, 10000
times = 5



lfr 100:
0.012264 0.345405 0.000000 5.099020 53.833075
0.010910 0.452884 0.000000 5.477226 47.021272 
0.011383 0.636167 0.000000 7.615773 31.654384
0.012674 0.328994 0.000000 5.385165 41.833001
0.013602 0.859448 0.000000 4.242641 51.439285

lfr 1000: 
0.195258 0 0 433.649628 424.644557
0.199414 0 0 418.007177 397.938437
0.207658 0 0 430.800418 416.928051
0.199072 0 0 426.389493 397.785118
0.195619 0 0 430.922267 406.048027

lfr 10000:
6.967278 0.292989 0.000000 148.128323 3635.893288
7.119322 0.257920 0.000000 76.661594 3647.942845
6.922302 0.502146 0.000000 72.117959 3935.074713
6.461922 0.943663 0.000000 88.238314 3540.696824
6.364971 0.897234 0.000000 58.694122 3808.437212

lfr 100000:
871.574509 0.353240 0


gmark 100:
0.005392 0.235837 0.610283 6.164414 5.385165
0.004109 0.492614 0.138392 3.741657 10.677078
0.003990 0.201323 0.931063 10.392305 1.000000
0.004206 0.303283 0.274812 6.164414 5.385165
0.003886 0.676410 0.087829 4.582576 11.401754

gmark 1000:
0.021961 0.054486 0.002573 59.101607 52.924474
0.021294 0.011149 0.000028 33.481338 57.706152
0.022397 0.880009 0.013358 18.547237 47.801674
0.023075 0.628651 0.000235 16.124515 60.786512
0.020618 0.802607 0.008430 27.640550 60.555759

gmark 10000:
1.015628 0.021463 0.000000 121.856473 695.391976
0.984023 0.903501 0.000000 69.195376 659.756016
0.970988 0.912476 0.000000 89.481842 687.715784
0.982711 0.844046 0.000000 65.130638 630.464115
0.961448 0.941138 0.000000 57.879185 653.821841

gmark 100000:
254.777548 0.993260 0


my generator:
time: 
once (time(sec), inp, outp)
100:
0.006823 0.916855 0.970331
0.004036 0.829564 0.869353
0.004078 0.918095 0.988677
0.004243 0.945959 0.998017
0.006197 1.000000 0.973293

1000:
0.082870 0.997979 0.999786
0.065439 0.999992 0.999642
0.096091 0.998832 0.937182
0.066414 0.999998 0.997907
0.062032 1.000000 0.990505

10000:
1.793530 1 1
1.825499 1 0.991014
1.777739 0.999986 0.980666
1.804837 0.999971 1
1.795654 1 0.998408 

100000:
169.882566 1 0.999878

time, serveral steps
node: 10000
step = 10, 100, 1000
10: 
7.563759 0.000000 0.999949 67.955868 32.124757
6.712698 0.002012 0.975600 67.037303 37.161808
7.120065 0.240010 0.998736 38.948684 31.654384
5.962066 0.000896 0.999992 65.459911 27.568098
8.754623 0.011745 0.724807 45.803930 35.777088

100:
2.457046 0.000025 0.999561 60.770058 28.722813
2.586181 0.139089 0.999858 43.255058 28.930952
3.277299 0.000000 0.999996 77.401550 29.899833
3.547975 0.000067 0.999936 62.777384 32.186954
2.401114 0.000000 0.999874 73.484692 30.166206

1000:
2.302436 0.021742 0.877055 53.216539 37.920970
2.271261 0.410027 1.000000 38.196859 27.294688
2.239821 0.029981 0.999982 39.395431 26.925824
2.265783 0.143405 0.999999 53.385391 26.870058
1.959749 0.339244 1.000000 42.602817 22.715633


lfr 10000:
6.967278 0.292989 0.000000 148.128323 3635.893288
7.119322 0.257920 0.000000 76.661594 3647.942845
6.922302 0.502146 0.000000 72.117959 3935.074713
6.461922 0.943663 0.000000 88.238314 3540.696824
6.364971 0.897234 0.000000 58.694122 3808.437212

gmark 10000:
1.015628 0.021463 0.000000 121.856473 695.391976
0.984023 0.903501 0.000000 69.195376 659.756016
0.970988 0.912476 0.000000 89.481842 687.715784
0.982711 0.844046 0.000000 65.130638 630.464115
0.961448 0.941138 0.000000 57.879185 653.821841
